$ANSIBLE_VAULT;1.1;AES256
39363034313464323434666666383438316566666132386366626533636361653836353865623639
6238613530353530313364626366633638346364616538350a643934366366303734373362316334
39306164363063353364616234346363626630366236366136623531336566663232636565383839
3537326436343732630a316263303966306231653730646562356666643861376366656430386435
62393431646131656637386631653639393738666536393163623164363362306666643465643937
62663266343735353862373036343935613362373738626261313262346330366661323133323738
39643432353765303537633637346534653930376339323530633864356334383161616336396233
38626563623839666462616537666136656531323662663530643336363333366235306638653730
31643030313134646634313036386164303330383436633963393239323637663733653239323263
62366136303962363866333930623939303239323139623162316563633864623431393566666266
66363062333235643361623962663764643431653435656362623564636235343833386131393761
63396664313332346638
